0.00 32.5000 25.0000 25.0000 25.0000 25.0000 25.0000 25.0000 25.0000 25.0000 25.0000 25.0000 25.0000 25.0000 25.0000 25.0000 25.0000 25.0000 25.0000 25.0000 25.0000 
1.01 38.5000 25.7500 25.0000 25.0000 25.0000 25.0000 25.0000 25.0000 25.0000 25.0000 25.0000 25.0000 25.0000 25.0000 25.0000 25.0000 25.0000 25.0000 25.0000 25.0000 
2.02 43.3750 26.9500 25.0750 25.0000 25.0000 25.0000 25.0000 25.0000 25.0000 25.0000 25.0000 25.0000 25.0000 25.0000 25.0000 25.0000 25.0000 25.0000 25.0000 25.0000 
3.03 47.3950 28.4050 25.2550 25.0075 25.0000 25.0000 25.0000 25.0000 25.0000 25.0000 25.0000 25.0000 25.0000 25.0000 25.0000 25.0000 25.0000 25.0000 25.0000 25.0000 
4.04 50.7565 29.9890 25.5452 25.0315 25.0007 25.0000 25.0000 25.0000 25.0000 25.0000 25.0000 25.0000 25.0000 25.0000 25.0000 25.0000 25.0000 25.0000 25.0000 25.0000 
5.05 53.6041 31.6214 25.9382 25.0798 25.0037 25.0001 25.0000 25.0000 25.0000 25.0000 25.0000 25.0000 25.0000 25.0000 25.0000 25.0000 25.0000 25.0000 25.0000 25.0000 
6.06 56.0454 33.2513 26.4207 25.1580 25.0110 25.0004 25.0000 25.0000 25.0000 25.0000 25.0000 25.0000 25.0000 25.0000 25.0000 25.0000 25.0000 25.0000 25.0000 25.0000 
7.07 58.1615 34.8477 26.9775 25.2696 25.0246 25.0014 25.0000 25.0000 25.0000 25.0000 25.0000 25.0000 25.0000 25.0000 25.0000 25.0000 25.0000 25.0000 25.0000 25.0000 
8.08 60.0139 36.3920 27.5937 25.4159 25.0468 25.0036 25.0002 25.0000 25.0000 25.0000 25.0000 25.0000 25.0000 25.0000 25.0000 25.0000 25.0000 25.0000 25.0000 25.0000 
9.09 61.6504 37.8744 28.2558 25.5968 25.0794 25.0076 25.0005 25.0000 25.0000 25.0000 25.0000 25.0000 25.0000 25.0000 25.0000 25.0000 25.0000 25.0000 25.0000 25.0000 
10.10 63.1077 39.2901 28.9517 25.8109 25.1240 25.0141 25.0012 25.0001 25.0000 25.0000 25.0000 25.0000 25.0000 25.0000 25.0000 25.0000 25.0000 25.0000 25.0000 25.0000 
11.11 64.4152 40.6381 29.6715 26.0563 25.1817 25.0238 25.0024 25.0002 25.0000 25.0000 25.0000 25.0000 25.0000 25.0000 25.0000 25.0000 25.0000 25.0000 25.0000 25.0000 
12.12 65.5960 41.9191 30.4066 26.3304 25.2533 25.0374 25.0043 25.0004 25.0000 25.0000 25.0000 25.0000 25.0000 25.0000 25.0000 25.0000 25.0000 25.0000 25.0000 25.0000 
13.13 66.6687 43.1356 31.1503 26.6303 25.3395 25.0557 25.0072 25.0007 25.0001 25.0000 25.0000 25.0000 25.0000 25.0000 25.0000 25.0000 25.0000 25.0000 25.0000 25.0000 
14.14 67.6485 44.2903 31.8968 26.9532 25.4402 25.0792 25.0114 25.0013 25.0001 25.0000 25.0000 25.0000 25.0000 25.0000 25.0000 25.0000 25.0000 25.0000 25.0000 25.0000 
15.15 68.5478 45.3868 32.6418 27.2963 25.5554 25.1085 25.0172 25.0022 25.0002 25.0000 25.0000 25.0000 25.0000 25.0000 25.0000 25.0000 25.0000 25.0000 25.0000 25.0000 
16.16 69.3769 46.4284 33.3817 27.6567 25.6848 25.1441 25.0248 25.0035 25.0004 25.0000 25.0000 25.0000 25.0000 25.0000 25.0000 25.0000 25.0000 25.0000 25.0000 25.0000 
17.17 70.1444 47.4186 34.1139 28.0320 25.8279 25.1862 25.0346 25.0053 25.0007 25.0001 25.0000 25.0000 25.0000 25.0000 25.0000 25.0000 25.0000 25.0000 25.0000 25.0000 
18.18 70.8574 48.3607 34.8362 28.4198 25.9841 25.2352 25.0468 25.0078 25.0011 25.0001 25.0000 25.0000 25.0000 25.0000 25.0000 25.0000 25.0000 25.0000 25.0000 25.0000 
19.19 71.5220 49.2579 35.5470 28.8179 26.1528 25.2913 25.0618 25.0110 25.0017 25.0002 25.0000 25.0000 25.0000 25.0000 25.0000 25.0000 25.0000 25.0000 25.0000 25.0000 
20.20 72.1434 50.1132 36.2452 29.2243 26.3332 25.3545 25.0797 25.0152 25.0024 25.0003 25.0000 25.0000 25.0000 25.0000 25.0000 25.0000 25.0000 25.0000 25.0000 25.0000 
21.21 72.7260 50.9294 36.9299 29.6373 26.5244 25.4249 25.1007 25.0203 25.0035 25.0005 25.0001 25.0000 25.0000 25.0000 25.0000 25.0000 25.0000 25.0000 25.0000 25.0000 
22.22 73.2738 51.7091 37.6006 30.0552 26.7257 25.5024 25.1251 25.0267 25.0049 25.0008 25.0001 25.0000 25.0000 25.0000 25.0000 25.0000 25.0000 25.0000 25.0000 25.0000 
23.23 73.7899 52.4548 38.2569 30.4768 26.9364 25.5870 25.1530 25.0343 25.0067 25.0011 25.0002 25.0000 25.0000 25.0000 25.0000 25.0000 25.0000 25.0000 25.0000 25.0000 
24.24 74.2774 53.1685 38.8987 30.9008 27.1555 25.6785 25.1845 25.0434 25.0089 25.0016 25.0002 25.0000 25.0000 25.0000 25.0000 25.0000 25.0000 25.0000 25.0000 25.0000 
25.25 74.7388 53.8524 39.5259 31.3260 27.3823 25.7768 25.2198 25.0541 25.0116 25.0022 25.0004 25.0000 25.0000 25.0000 25.0000 25.0000 25.0000 25.0000 25.0000 25.0000 
26.26 75.1763 54.5084 40.1385 31.7517 27.6161 25.8817 25.2589 25.0664 25.0149 25.0029 25.0005 25.0001 25.0000 25.0000 25.0000 25.0000 25.0000 25.0000 25.0000 25.0000 
27.27 75.5918 55.1382 40.7368 32.1768 27.8562 25.9928 25.3020 25.0805 25.0189 25.0039 25.0007 25.0001 25.0000 25.0000 25.0000 25.0000 25.0000 25.0000 25.0000 25.0000 
28.28 75.9873 55.7434 41.3210 32.6007 28.1020 26.1101 25.3489 25.0965 25.0235 25.0051 25.0010 25.0002 25.0000 25.0000 25.0000 25.0000 25.0000 25.0000 25.0000 25.0000 
29.29 76.3642 56.3256 41.8912 33.0229 28.3527 26.2332 25.3998 25.1144 25.0290 25.0065 25.0013 25.0002 25.0000 25.0000 25.0000 25.0000 25.0000 25.0000 25.0000 25.0000 
30.30 76.7239 56.8860 42.4478 33.4427 28.6077 26.3618 25.4546 25.1344 25.0353 25.0082 25.0017 25.0003 25.0001 25.0000 25.0000 25.0000 25.0000 25.0000 25.0000 25.0000 
31.31 77.0677 57.4260 42.9911 33.8597 28.8666 26.4957 25.5133 25.1565 25.0425 25.0103 25.0022 25.0004 25.0001 25.0000 25.0000 25.0000 25.0000 25.0000 25.0000 25.0000 
32.32 77.3968 57.9466 43.5215 34.2735 29.1288 26.6345 25.5758 25.1808 25.0507 25.0127 25.0028 25.0006 25.0001 25.0000 25.0000 25.0000 25.0000 25.0000 25.0000 25.0000 
33.33 77.7121 58.4491 44.0392 34.6839 29.3939 26.7781 25.6422 25.2073 25.0599 25.0155 25.0036 25.0008 25.0001 25.0000 25.0000 25.0000 25.0000 25.0000 25.0000 25.0000 
34.34 78.0146 58.9344 44.5446 35.0904 29.6613 26.9261 25.7123 25.2360 25.0702 25.0188 25.0045 25.0010 25.0002 25.0000 25.0000 25.0000 25.0000 25.0000 25.0000 25.0000 
35.35 78.3051 59.4035 45.0382 35.4929 29.9307 27.0782 25.7861 25.2671 25.0816 25.0225 25.0056 25.0013 25.0003 25.0000 25.0000 25.0000 25.0000 25.0000 25.0000 25.0000 
36.36 78.5844 59.8571 45.5202 35.8912 30.2017 27.2342 25.8634 25.3004 25.0943 25.0267 25.0068 25.0016 25.0003 25.0001 25.0000 25.0000 25.0000 25.0000 25.0000 25.0000 
37.37 78.8533 60.2962 45.9910 36.2852 30.4739 27.3939 25.9442 25.3361 25.1081 25.0315 25.0083 25.0020 25.0004 25.0001 25.0000 25.0000 25.0000 25.0000 25.0000 25.0000 
38.38 79.1122 60.7213 46.4509 36.6746 30.7470 27.5569 26.0283 25.3741 25.1233 25.0368 25.0100 25.0025 25.0006 25.0001 25.0000 25.0000 25.0000 25.0000 25.0000 25.0000 
39.39 79.3619 61.1334 46.9003 37.0595 31.0208 27.7231 26.1158 25.4145 25.1397 25.0428 25.0119 25.0030 25.0007 25.0001 25.0000 25.0000 25.0000 25.0000 25.0000 25.0000 
40.40 79.6029 61.5329 47.3396 37.4397 31.2949 27.8921 26.2064 25.4571 25.1575 25.0494 25.0141 25.0037 25.0009 25.0002 25.0000 25.0000 25.0000 25.0000 25.0000 25.0000 
41.41 79.8356 61.9206 47.7689 37.8152 31.5691 28.0638 26.3000 25.5021 25.1766 25.0567 25.0166 25.0044 25.0011 25.0002 25.0000 25.0000 25.0000 25.0000 25.0000 25.0000 
42.42 80.0605 62.2969 48.1887 38.1860 31.8432 28.2380 26.3966 25.5493 25.1972 25.0647 25.0194 25.0053 25.0013 25.0003 25.0001 25.0000 25.0000 25.0000 25.0000 25.0000 
43.43 80.2781 62.6625 48.5992 38.5519 32.1169 28.4143 26.4960 25.5988 25.2191 25.0734 25.0225 25.0063 25.0016 25.0004 25.0001 25.0000 25.0000 25.0000 25.0000 25.0000 
44.44 80.4887 63.0177 49.0008 38.9132 32.3902 28.5928 26.5981 25.6506 25.2425 25.0829 25.0260 25.0075 25.0020 25.0005 25.0001 25.0000 25.0000 25.0000 25.0000 25.0000 
45.45 80.6928 63.3631 49.3938 39.2696 32.6627 28.7730 26.7028 25.7045 25.2674 25.0932 25.0298 25.0088 25.0024 25.0006 25.0001 25.0000 25.0000 25.0000 25.0000 25.0000 
46.46 80.8905 63.6992 49.7783 39.6214 32.9344 28.9550 26.8100 25.7606 25.2937 25.1042 25.0340 25.0102 25.0028 25.0007 25.0002 25.0000 25.0000 25.0000 25.0000 25.0000 
47.47 81.0823 64.0262 50.1547 39.9684 33.2052 29.1384 26.9196 25.8189 25.3214 25.1162 25.0387 25.0119 25.0034 25.0009 25.0002 25.0000 25.0000 25.0000 25.0000 25.0000 
48.48 81.2685 64.3447 50.5232 40.3107 33.4748 29.3232 27.0314 25.8792 25.3506 25.1289 25.0438 25.0137 25.0040 25.0011 25.0003 25.0001 25.0000 25.0000 25.0000 25.0000 
49.49 81.4493 64.6549 50.8841 40.6483 33.7433 29.5092 27.1454 25.9416 25.3813 25.1426 25.0493 25.0157 25.0047 25.0013 25.0003 25.0001 25.0000 25.0000 25.0000 25.0000 
50.50 81.6249 64.9572 51.2376 40.9814 34.0104 29.6962 27.2614 26.0059 25.4135 25.1571 25.0552 25.0180 25.0054 25.0015 25.0004 25.0001 25.0000 25.0000 25.0000 25.0000 
51.51 81.7956 65.2520 51.5839 41.3099 34.2761 29.8842 27.3793 26.0722 25.4471 25.1726 25.0617 25.0205 25.0063 25.0018 25.0005 25.0001 25.0000 25.0000 25.0000 25.0000 
52.52 81.9617 65.5396 51.9234 41.6339 34.5403 30.0729 27.4991 26.1404 25.4822 25.1889 25.0687 25.0232 25.0073 25.0021 25.0006 25.0001 25.0000 25.0000 25.0000 25.0000 
53.53 82.1233 65.8202 52.2560 41.9535 34.8029 30.2622 27.6206 26.2105 25.5187 25.2062 25.0761 25.0261 25.0083 25.0025 25.0007 25.0002 25.0000 25.0000 25.0000 25.0000 
54.54 82.2807 66.0941 52.5822 42.2687 35.0639 30.4521 27.7437 26.2823 25.5566 25.2245 25.0842 25.0293 25.0095 25.0029 25.0008 25.0002 25.0001 25.0000 25.0000 25.0000 
55.55 82.4340 66.3616 52.9020 42.5796 35.3232 30.6425 27.8684 26.3559 25.5960 25.2437 25.0927 25.0328 25.0108 25.0033 25.0010 25.0003 25.0001 25.0000 25.0000 25.0000 
56.56 82.5833 66.6228 53.2157 42.8862 35.5808 30.8331 27.9946 26.4311 25.6367 25.2638 25.1018 25.0366 25.0123 25.0038 25.0011 25.0003 25.0001 25.0000 25.0000 25.0000 
57.57 82.7289 66.8782 53.5235 43.1886 35.8365 31.0240 28.1221 26.5080 25.6789 25.2849 25.1115 25.0407 25.0139 25.0044 25.0013 25.0004 25.0001 25.0000 25.0000 25.0000 
58.58 82.8710 67.1278 53.8255 43.4869 36.0905 31.2151 28.2509 26.5865 25.7224 25.3069 25.1218 25.0451 25.0156 25.0051 25.0015 25.0004 25.0001 25.0000 25.0000 25.0000 
59.59 83.0096 67.3719 54.1218 43.7811 36.3426 31.4062 28.3809 26.6665 25.7673 25.3300 25.1326 25.0498 25.0175 25.0058 25.0018 25.0005 25.0001 25.0000 25.0000 25.0000 
60.60 83.1448 67.6106 54.4128 44.0713 36.5928 31.5973 28.5120 26.7481 25.8135 25.3540 25.1441 25.0549 25.0196 25.0065 25.0020 25.0006 25.0002 25.0000 25.0000 25.0000 
61.61 83.2769 67.8443 54.6984 44.3576 36.8411 31.7883 28.6441 26.8310 25.8610 25.3789 25.1561 25.0603 25.0218 25.0074 25.0024 25.0007 25.0002 25.0001 25.0000 25.0000 
62.62 83.4060 68.0730 54.9789 44.6400 37.0875 31.9792 28.7772 26.9153 25.9098 25.4048 25.1688 25.0660 25.0242 25.0083 25.0027 25.0008 25.0002 25.0001 25.0000 25.0000 
63.63 83.5321 68.2969 55.2544 44.9187 37.3319 32.1698 28.9112 27.0009 25.9598 25.4317 25.1821 25.0721 25.0268 25.0094 25.0031 25.0009 25.0003 25.0001 25.0000 25.0000 
64.64 83.6553 68.5161 55.5251 45.1936 37.5744 32.3602 29.0461 27.0879 26.0111 25.4596 25.1961 25.0786 25.0296 25.0105 25.0035 25.0011 25.0003 25.0001 25.0000 25.0000 
65.65 83.7759 68.7310 55.7911 45.4648 37.8149 32.5502 29.1816 27.1760 26.0636 25.4884 25.2107 25.0854 25.0326 25.0117 25.0039 25.0013 25.0004 25.0001 25.0000 25.0000 
66.66 83.8938 68.9415 56.0524 45.7324 38.0534 32.7398 29.3179 27.2653 26.1174 25.5181 25.2259 25.0927 25.0358 25.0130 25.0044 25.0014 25.0004 25.0001 25.0000 25.0000 
67.67 84.0092 69.1478 56.3093 45.9965 38.2899 32.9290 29.4549 27.3558 26.1722 25.5488 25.2418 25.1003 25.0392 25.0144 25.0050 25.0016 25.0005 25.0001 25.0000 25.0000 
68.68 84.1221 69.3501 56.5619 46.2572 38.5245 33.1177 29.5924 27.4473 26.2282 25.5805 25.2584 25.1083 25.0428 25.0160 25.0056 25.0019 25.0006 25.0002 25.0000 25.0000 
69.69 84.2327 69.5485 56.8102 46.5144 38.7571 33.3058 29.7304 27.5399 26.2854 25.6131 25.2756 25.1168 25.0467 25.0176 25.0063 25.0021 25.0007 25.0002 25.0001 25.0000 
70.70 84.3410 69.7431 57.0545 46.7682 38.9877 33.4934 29.8689 27.6335 26.3436 25.6465 25.2935 25.1257 25.0508 25.0194 25.0070 25.0024 25.0008 25.0002 25.0001 25.0000 
71.71 84.4471 69.9340 57.2947 47.0188 39.2163 33.6804 30.0078 27.7281 26.4029 25.6809 25.3120 25.1350 25.0551 25.0213 25.0078 25.0027 25.0009 25.0003 25.0001 25.0000 
72.72 84.5511 70.1214 57.5310 47.2661 39.4430 33.8667 30.1471 27.8235 26.4632 25.7162 25.3312 25.1447 25.0597 25.0233 25.0086 25.0030 25.0010 25.0003 25.0001 25.0000 
73.73 84.6530 70.3053 57.7636 47.5103 39.6677 34.0524 30.2867 27.9198 26.5245 25.7524 25.3510 25.1548 25.0646 25.0255 25.0095 25.0034 25.0011 25.0004 25.0001 25.0000 
74.74 84.7529 70.4859 57.9924 47.7514 39.8904 34.2373 30.4266 28.0170 26.5869 25.7895 25.3716 25.1654 25.0697 25.0278 25.0105 25.0038 25.0013 25.0004 25.0001 25.0000 
75.75 84.8509 70.6633 58.2177 47.9894 40.1112 34.4216 30.5667 28.1149 26.6501 25.8274 25.3927 25.1765 25.0751 25.0303 25.0116 25.0042 25.0014 25.0005 25.0001 25.0000 
76.76 84.9471 70.8375 58.4394 48.2244 40.3300 34.6050 30.7070 28.2136 26.7144 25.8662 25.4146 25.1880 25.0807 25.0329 25.0127 25.0046 25.0016 25.0005 25.0002 25.0000 
77.77 85.0414 71.0086 58.6577 48.4565 40.5470 34.7877 30.8475 28.3130 26.7795 25.9059 25.4371 25.1999 25.0867 25.0356 25.0139 25.0051 25.0018 25.0006 25.0002 25.0000 
78.78 85.1340 71.1768 58.8727 48.6856 40.7620 34.9696 30.9881 28.4131 26.8455 25.9464 25.4602 25.2123 25.0929 25.0386 25.0152 25.0057 25.0020 25.0007 25.0002 25.0000 
79.79 85.2249 71.3421 59.0844 48.9120 40.9751 35.1507 31.1287 28.5139 26.9123 25.9877 25.4841 25.2251 25.0994 25.0417 25.0166 25.0063 25.0023 25.0008 25.0002 25.0000 
80.80 85.3141 71.5046 59.2929 49.1355 41.1864 35.3310 31.2694 28.6152 26.9800 26.0298 25.5085 25.2385 25.1062 25.0449 25.0181 25.0069 25.0025 25.0009 25.0003 25.0000 
81.81 85.4018 71.6644 59.4984 49.3563 41.3957 35.5103 31.4102 28.7171 27.0485 26.0727 25.5336 25.2522 25.1133 25.0484 25.0196 25.0076 25.0028 25.0010 25.0003 25.0000 
82.82 85.4878 71.8215 59.7008 49.5745 41.6033 35.6889 31.5509 28.8195 27.1178 26.1164 25.5594 25.2665 25.1207 25.0520 25.0213 25.0083 25.0031 25.0011 25.0003 25.0000 
83.83 85.5724 71.9761 59.9002 49.7900 41.8089 35.8665 31.6915 28.9225 27.1878 26.1608 25.5858 25.2812 25.1284 25.0558 25.0231 25.0091 25.0034 25.0012 25.0004 25.0000 
84.84 85.6556 72.1281 60.0968 50.0029 42.0128 36.0433 31.8321 29.0259 27.2586 26.2060 25.6129 25.2964 25.1364 25.0598 25.0249 25.0099 25.0037 25.0013 25.0004 25.0000 
85.85 85.7373 72.2777 60.2905 50.2133 42.2149 36.2191 31.9726 29.1298 27.3301 26.2519 25.6405 25.3120 25.1448 25.0640 25.0269 25.0108 25.0041 25.0015 25.0005 25.0000 
86.86 85.8176 72.4250 60.4815 50.4212 42.4151 36.3940 32.1130 29.2341 27.4022 26.2986 25.6688 25.3282 25.1534 25.0683 25.0290 25.0117 25.0045 25.0017 25.0005 25.0000 
87.87 85.8966 72.5699 60.6698 50.6266 42.6136 36.5680 32.2532 29.3388 27.4751 26.3460 25.6977 25.3447 25.1624 25.0729 25.0312 25.0128 25.0050 25.0018 25.0006 25.0000 
88.88 85.9742 72.7125 60.8555 50.8296 42.8104 36.7411 32.3933 29.4439 27.5485 26.3941 25.7273 25.3618 25.1717 25.0777 25.0335 25.0138 25.0054 25.0020 25.0007 25.0000 
89.89 86.0506 72.8530 61.0386 51.0303 43.0054 36.9132 32.5331 29.5493 27.6226 26.4428 25.7574 25.3793 25.1813 25.0827 25.0360 25.0150 25.0059 25.0022 25.0007 25.0000 
90.90 86.1258 72.9913 61.2192 51.2286 43.1986 37.0844 32.6727 29.6550 27.6973 26.4923 25.7881 25.3973 25.1912 25.0879 25.0385 25.0162 25.0065 25.0024 25.0008 25.0000 
91.91 86.1998 73.1276 61.3974 51.4247 43.3902 37.2547 32.8121 29.7610 27.7726 26.5424 25.8195 25.4158 25.2015 25.0933 25.0412 25.0174 25.0070 25.0027 25.0009 25.0000 
92.92 86.2726 73.2618 61.5731 51.6185 43.5801 37.4240 32.9513 29.8673 27.8484 26.5931 25.8514 25.4347 25.2121 25.0989 25.0441 25.0188 25.0076 25.0029 25.0010 25.0000 
93.93 86.3442 73.3940 61.7465 51.8101 43.7683 37.5923 33.0901 29.9738 27.9248 26.6444 25.8839 25.4541 25.2230 25.1047 25.0470 25.0202 25.0083 25.0032 25.0011 25.0000 
94.94 86.4148 73.5243 61.9176 51.9996 43.9549 37.7597 33.2287 30.0805 28.0016 26.6964 25.9170 25.4740 25.2343 25.1108 25.0501 25.0217 25.0090 25.0035 25.0012 25.0000 
95.95 86.4843 73.6527 62.0865 52.1869 44.1399 37.9261 33.3670 30.1875 28.0790 26.7490 25.9506 25.4943 25.2459 25.1171 25.0533 25.0232 25.0097 25.0038 25.0013 25.0000 
96.96 86.5527 73.7792 62.2532 52.3722 44.3232 38.0916 33.5050 30.2946 28.1568 26.8022 25.9848 25.5151 25.2579 25.1236 25.0567 25.0249 25.0105 25.0042 25.0014 25.0000 
97.97 86.6201 73.9039 62.4177 52.5554 44.5049 38.2561 33.6426 30.4018 28.2351 26.8559 26.0196 25.5364 25.2702 25.1303 25.0602 25.0266 25.0113 25.0045 25.0015 25.0000 
98.98 86.6864 74.0269 62.5801 52.7366 44.6851 38.4196 33.7799 30.5092 28.3139 26.9102 26.0549 25.5581 25.2828 25.1373 25.0639 25.0285 25.0121 25.0049 25.0017 25.0000 
99.99 86.7518 74.1482 62.7404 52.9158 44.8637 38.5822 33.9168 30.6168 28.3931 26.9650 26.0907 25.5802 25.2958 25.1445 25.0677 25.0304 25.0130 25.0053 25.0018 25.0000 
