0.000000 0.113806 0.226128 0.335502 0.440502 0.539760 0.631981 0.715963 0.790612 0.854954 0.908150 0.949507 0.978485 0.994708 0.997963 0.988208 0.965571 0.930346 0.882992 0.824127 0.754518 0.675073 0.586827 0.490932 0.388636 0.281273 0.170244 0.056996 -0.056996 -0.170244 -0.281273 -0.388636 -0.490932 -0.586827 -0.675073 -0.754518 -0.824127 -0.882992 -0.930346 -0.965571 -0.988208 -0.997963 -0.994708 -0.978485 -0.949507 -0.908150 -0.854954 -0.790612 -0.715963 -0.631981 -0.539760 -0.440502 -0.335502 -0.226128 -0.113806 0.000000 
0.000000 0.113249 0.225022 0.333861 0.438347 0.537120 0.628890 0.712461 0.786745 0.850772 0.903708 0.944862 0.973699 0.989843 0.993082 0.983375 0.960848 0.925795 0.878673 0.820096 0.750827 0.671771 0.583957 0.488530 0.386735 0.279898 0.169412 0.056717 -0.056717 -0.169411 -0.279898 -0.386735 -0.488530 -0.583957 -0.671771 -0.750827 -0.820096 -0.878673 -0.925795 -0.960848 -0.983375 -0.993082 -0.989843 -0.973699 -0.944862 -0.903708 -0.850772 -0.786745 -0.712461 -0.628890 -0.537120 -0.438348 -0.333861 -0.225022 -0.113249 0.000000 
0.000000 0.112323 0.223182 0.331132 0.434764 0.532729 0.623749 0.706637 0.780313 0.843817 0.896320 0.937139 0.965740 0.981751 0.984964 0.975336 0.952993 0.918227 0.871490 0.813392 0.744690 0.666280 0.579184 0.484537 0.383574 0.277610 0.168027 0.056253 -0.056253 -0.168027 -0.277610 -0.383573 -0.484537 -0.579183 -0.666279 -0.744690 -0.813392 -0.871490 -0.918227 -0.952993 -0.975336 -0.984964 -0.981751 -0.965740 -0.937138 -0.896320 -0.843817 -0.780314 -0.706637 -0.623749 -0.532729 -0.434764 -0.331132 -0.223182 -0.112323 0.000000 
0.000000 0.111031 0.220615 0.327323 0.429764 0.526602 0.616575 0.698510 0.771339 0.834112 0.886012 0.926360 0.954633 0.970460 0.973636 0.964119 0.942033 0.907667 0.861467 0.804037 0.736125 0.658617 0.572522 0.478964 0.379162 0.274417 0.166094 0.055606 -0.055606 -0.166094 -0.274417 -0.379162 -0.478964 -0.572522 -0.658617 -0.736125 -0.804037 -0.861467 -0.907666 -0.942033 -0.964119 -0.973636 -0.970460 -0.954633 -0.926360 -0.886012 -0.834112 -0.771339 -0.698510 -0.616575 -0.526602 -0.429764 -0.327323 -0.220615 -0.111031 0.000000 
0.000000 0.109378 0.217329 0.322448 0.423363 0.518759 0.607392 0.688106 0.759851 0.821689 0.872815 0.912563 0.940414 0.956006 0.959134 0.949759 0.928002 0.894148 0.848636 0.792062 0.725161 0.648807 0.563995 0.471830 0.373515 0.270330 0.163620 0.054778 -0.054778 -0.163620 -0.270330 -0.373515 -0.471830 -0.563995 -0.648807 -0.725161 -0.792062 -0.848636 -0.894148 -0.928002 -0.949759 -0.959135 -0.956006 -0.940414 -0.912563 -0.872815 -0.821689 -0.759851 -0.688107 -0.607392 -0.518759 -0.423363 -0.322448 -0.217329 -0.109377 0.000000 
0.000000 0.107368 0.213335 0.316522 0.415582 0.509225 0.596229 0.675460 0.745886 0.806588 0.856775 0.895792 0.923131 0.938436 0.941507 0.932304 0.910947 0.877715 0.833040 0.777505 0.711834 0.636883 0.553630 0.463159 0.366650 0.265362 0.160613 0.053772 -0.053771 -0.160613 -0.265361 -0.366650 -0.463159 -0.553630 -0.636883 -0.711834 -0.777505 -0.833040 -0.877715 -0.910947 -0.932304 -0.941507 -0.938436 -0.923131 -0.895792 -0.856774 -0.806588 -0.745886 -0.675460 -0.596229 -0.509225 -0.415583 -0.316522 -0.213335 -0.107367 0.000000 
0.000000 0.105007 0.208646 0.309564 0.406447 0.498031 0.583123 0.660612 0.729490 0.788858 0.837941 0.876101 0.902839 0.917808 0.920812 0.911811 0.890923 0.858421 0.814728 0.760414 0.696187 0.622884 0.541460 0.452978 0.358591 0.259528 0.157083 0.052590 -0.052590 -0.157083 -0.259528 -0.358591 -0.452978 -0.541460 -0.622884 -0.696187 -0.760414 -0.814728 -0.858421 -0.890923 -0.911811 -0.920811 -0.917808 -0.902839 -0.876101 -0.837941 -0.788858 -0.729490 -0.660613 -0.583123 -0.498031 -0.406447 -0.309564 -0.208646 -0.105007 0.000000 
0.000000 0.102305 0.203276 0.301598 0.395987 0.485214 0.568116 0.643612 0.710717 0.768557 0.816377 0.853555 0.879605 0.894189 0.897115 0.888346 0.867996 0.836330 0.793761 0.740845 0.678271 0.606854 0.527526 0.441321 0.349363 0.252849 0.153040 0.051236 -0.051236 -0.153040 -0.252849 -0.349362 -0.441321 -0.527526 -0.606854 -0.678271 -0.740845 -0.793761 -0.836330 -0.867996 -0.888346 -0.897115 -0.894188 -0.879605 -0.853555 -0.816377 -0.768557 -0.710717 -0.643612 -0.568117 -0.485215 -0.395987 -0.301598 -0.203276 -0.102305 0.000000 
0.000000 0.099269 0.197244 0.292648 0.384237 0.470816 0.551258 0.624514 0.689627 0.745751 0.792152 0.828227 0.853504 0.867655 0.870494 0.861985 0.842239 0.811513 0.770207 0.718861 0.658144 0.588846 0.511872 0.428225 0.338996 0.245347 0.148499 0.049716 -0.049716 -0.148499 -0.245347 -0.338996 -0.428225 -0.511872 -0.588846 -0.658144 -0.718861 -0.770208 -0.811513 -0.842239 -0.861985 -0.870494 -0.867655 -0.853504 -0.828227 -0.792152 -0.745751 -0.689627 -0.624514 -0.551259 -0.470817 -0.384237 -0.292648 -0.197244 -0.099269 0.000000 
0.000000 0.095910 0.190570 0.282745 0.371234 0.454884 0.532603 0.603380 0.666290 0.720514 0.765346 0.800199 0.824621 0.838293 0.841036 0.832816 0.813738 0.784051 0.744143 0.694535 0.635872 0.568920 0.494551 0.413734 0.327524 0.237044 0.143474 0.048033 -0.048033 -0.143474 -0.237044 -0.327524 -0.413734 -0.494550 -0.568919 -0.635872 -0.694535 -0.744144 -0.784051 -0.813738 -0.832815 -0.841036 -0.838293 -0.824621 -0.800200 -0.765346 -0.720514 -0.666290 -0.603380 -0.532604 -0.454884 -0.371234 -0.282745 -0.190570 -0.095910 0.000000 
0.000000 0.092238 0.183274 0.271920 0.357022 0.437469 0.512213 0.580280 0.640782 0.692930 0.736045 0.769564 0.793051 0.806200 0.808838 0.800932 0.782584 0.754034 0.715654 0.667945 0.611528 0.547139 0.475617 0.397894 0.314985 0.227969 0.137981 0.046194 -0.046194 -0.137981 -0.227969 -0.314985 -0.397894 -0.475617 -0.547139 -0.611528 -0.667945 -0.715654 -0.754034 -0.782584 -0.800932 -0.808838 -0.806199 -0.793051 -0.769564 -0.736045 -0.692930 -0.640782 -0.580280 -0.512213 -0.437469 -0.357022 -0.271920 -0.183274 -0.092238 0.000000 
0.000000 0.088266 0.175381 0.260209 0.341645 0.418628 0.490153 0.555288 0.613184 0.663087 0.704345 0.736421 0.758896 0.771478 0.774003 0.766437 0.748880 0.721559 0.684833 0.639178 0.585191 0.523575 0.455133 0.380758 0.301419 0.218151 0.132038 0.044205 -0.044205 -0.132039 -0.218151 -0.301419 -0.380758 -0.455133 -0.523575 -0.585191 -0.639178 -0.684833 -0.721559 -0.748880 -0.766437 -0.774003 -0.771478 -0.758896 -0.736421 -0.704345 -0.663087 -0.613185 -0.555289 -0.490153 -0.418628 -0.341645 -0.260209 -0.175381 -0.088266 0.000000 
0.000000 0.084005 0.166916 0.247650 0.325156 0.398423 0.466496 0.528487 0.583589 0.631083 0.670349 0.700877 0.722268 0.734243 0.736646 0.729445 0.712735 0.686733 0.651779 0.608328 0.556947 0.498304 0.433166 0.362381 0.286871 0.207622 0.125666 0.042071 -0.042071 -0.125666 -0.207622 -0.286871 -0.362381 -0.433166 -0.498304 -0.556947 -0.608328 -0.651779 -0.686733 -0.712735 -0.729445 -0.736645 -0.734243 -0.722268 -0.700877 -0.670349 -0.631083 -0.583589 -0.528487 -0.466496 -0.398423 -0.325156 -0.247650 -0.166916 -0.084005 0.000000 
0.000000 0.079471 0.157907 0.234284 0.307606 0.376919 0.441318 0.499964 0.552091 0.597022 0.634169 0.663050 0.683286 0.694614 0.696887 0.690075 0.674267 0.649669 0.616601 0.575495 0.526887 0.471410 0.409787 0.342822 0.271388 0.196416 0.118883 0.039801 -0.039801 -0.118883 -0.196416 -0.271388 -0.342822 -0.409787 -0.471410 -0.526887 -0.575495 -0.616601 -0.649669 -0.674267 -0.690075 -0.696887 -0.694614 -0.683286 -0.663049 -0.634169 -0.597022 -0.552092 -0.499964 -0.441318 -0.376919 -0.307607 -0.234284 -0.157907 -0.079471 0.000000 
0.000000 0.074678 0.148383 0.220154 0.289055 0.354187 0.414702 0.469811 0.518795 0.561015 0.595923 0.623061 0.642076 0.652722 0.654858 0.648457 0.633602 0.610487 0.579414 0.540787 0.495110 0.442979 0.385073 0.322147 0.255021 0.184570 0.111713 0.037400 -0.037400 -0.111713 -0.184570 -0.255021 -0.322146 -0.385073 -0.442979 -0.495110 -0.540787 -0.579414 -0.610487 -0.633602 -0.648457 -0.654858 -0.652722 -0.642076 -0.623061 -0.595923 -0.561016 -0.518795 -0.469811 -0.414702 -0.354187 -0.289055 -0.220154 -0.148383 -0.074678 0.000000 
0.000000 0.069642 0.138376 0.205307 0.269561 0.330301 0.386734 0.438126 0.483807 0.523180 0.555734 0.581041 0.598775 0.608702 0.610694 0.604725 0.590872 0.569316 0.540338 0.504316 0.461720 0.413104 0.359103 0.300421 0.237822 0.172122 0.104179 0.034878 -0.034878 -0.104179 -0.172122 -0.237822 -0.300421 -0.359103 -0.413104 -0.461720 -0.504316 -0.540338 -0.569316 -0.590872 -0.604724 -0.610694 -0.608702 -0.598775 -0.581041 -0.555734 -0.523181 -0.483807 -0.438126 -0.386734 -0.330301 -0.269561 -0.205307 -0.138376 -0.069642 0.000000 
0.000000 0.064379 0.127918 0.189790 0.249188 0.305338 0.357506 0.405014 0.447242 0.483640 0.513733 0.537128 0.553521 0.562698 0.564540 0.559022 0.546216 0.526289 0.499501 0.466202 0.426825 0.381883 0.331964 0.277716 0.219848 0.159114 0.096306 0.032242 -0.032242 -0.096306 -0.159114 -0.219848 -0.277716 -0.331964 -0.381883 -0.426825 -0.466202 -0.499501 -0.526289 -0.546216 -0.559021 -0.564540 -0.562698 -0.553521 -0.537129 -0.513733 -0.483641 -0.447243 -0.405014 -0.357506 -0.305338 -0.249188 -0.189790 -0.127918 -0.064379 0.000000 
0.000000 0.058906 0.117043 0.173655 0.228004 0.279379 0.327113 0.370582 0.409220 0.442524 0.470058 0.491465 0.506464 0.514861 0.516546 0.511497 0.499780 0.481547 0.457037 0.426568 0.390538 0.349418 0.303742 0.254106 0.201158 0.145587 0.088118 0.029501 -0.029501 -0.088118 -0.145587 -0.201158 -0.254106 -0.303742 -0.349418 -0.390538 -0.426568 -0.457036 -0.481547 -0.499779 -0.511497 -0.516546 -0.514861 -0.506464 -0.491465 -0.470059 -0.442524 -0.409221 -0.370582 -0.327113 -0.279380 -0.228004 -0.173655 -0.117044 -0.058906 0.000000 
0.000000 0.053241 0.105787 0.156955 0.206076 0.252511 0.295654 0.334942 0.369865 0.399965 0.424851 0.444199 0.457756 0.465345 0.466868 0.462305 0.451715 0.435236 0.413082 0.385544 0.352979 0.315814 0.274530 0.229668 0.181812 0.131586 0.079644 0.026664 -0.026664 -0.079644 -0.131586 -0.181812 -0.229668 -0.274530 -0.315813 -0.352979 -0.385544 -0.413082 -0.435235 -0.451714 -0.462305 -0.466868 -0.465346 -0.457756 -0.444200 -0.424852 -0.399965 -0.369865 -0.334943 -0.295654 -0.252511 -0.206076 -0.156955 -0.105787 -0.053241 0.000000 
0.000000 0.047402 0.094186 0.139742 0.183477 0.224819 0.263231 0.298211 0.329304 0.356103 0.378260 0.395486 0.407556 0.414313 0.415669 0.411606 0.402177 0.387506 0.367782 0.343263 0.314270 0.281180 0.244424 0.204481 0.161874 0.117155 0.070910 0.023740 -0.023740 -0.070910 -0.117155 -0.161874 -0.204482 -0.244424 -0.281180 -0.314270 -0.343263 -0.367782 -0.387505 -0.402177 -0.411606 -0.415669 -0.414313 -0.407557 -0.395487 -0.378261 -0.356103 -0.329303 -0.298211 -0.263231 -0.224819 -0.183477 -0.139742 -0.094186 -0.047402 0.000000 
0.000000 0.041409 0.082278 0.122074 0.160279 0.196395 0.229950 0.260508 0.287669 0.311080 0.330436 0.345484 0.356028 0.361931 0.363115 0.359566 0.351329 0.338513 0.321283 0.299864 0.274536 0.245630 0.213521 0.178628 0.141408 0.102343 0.061945 0.020738 -0.020738 -0.061944 -0.102343 -0.141408 -0.178629 -0.213521 -0.245630 -0.274536 -0.299864 -0.321282 -0.338512 -0.351329 -0.359566 -0.363115 -0.361931 -0.356029 -0.345485 -0.330436 -0.311080 -0.287669 -0.260508 -0.229950 -0.196395 -0.160279 -0.122074 -0.082278 -0.041409 0.000000 
0.000000 0.035281 0.070102 0.104009 0.136560 0.167331 0.195920 0.221955 0.245097 0.265044 0.281535 0.294356 0.303340 0.308369 0.309378 0.306354 0.299336 0.288416 0.273736 0.255487 0.233908 0.209279 0.181922 0.152193 0.120481 0.087197 0.052777 0.017669 -0.017669 -0.052777 -0.087197 -0.120481 -0.152194 -0.181922 -0.209279 -0.233908 -0.255487 -0.273736 -0.288416 -0.299336 -0.306354 -0.309378 -0.308369 -0.303340 -0.294356 -0.281535 -0.265044 -0.245097 -0.221956 -0.195920 -0.167331 -0.136560 -0.104008 -0.070101 -0.035281 0.000000 
0.000000 0.029038 0.057697 0.085604 0.112395 0.137721 0.161251 0.182680 0.201726 0.218143 0.231716 0.242268 0.249663 0.253802 0.254633 0.252144 0.246368 0.237380 0.225298 0.210278 0.192517 0.172246 0.149730 0.125262 0.099161 0.071767 0.043438 0.014543 -0.014543 -0.043438 -0.071768 -0.099161 -0.125262 -0.149730 -0.172246 -0.192517 -0.210278 -0.225297 -0.237380 -0.246368 -0.252144 -0.254633 -0.253803 -0.249663 -0.242269 -0.231716 -0.218143 -0.201727 -0.182680 -0.161251 -0.137721 -0.112395 -0.085604 -0.057697 -0.029037 0.000000 
0.000000 0.022700 0.045104 0.066920 0.087864 0.107662 0.126057 0.142809 0.157698 0.170532 0.181142 0.189392 0.195172 0.198408 0.199057 0.197112 0.192596 0.185570 0.176125 0.164384 0.150499 0.134652 0.117051 0.097923 0.077518 0.056104 0.033958 0.011369 -0.011369 -0.033958 -0.056104 -0.077519 -0.097923 -0.117051 -0.134652 -0.150499 -0.164383 -0.176125 -0.185570 -0.192596 -0.197111 -0.199058 -0.198408 -0.195172 -0.189392 -0.181143 -0.170532 -0.157698 -0.142809 -0.126057 -0.107662 -0.087864 -0.066920 -0.045104 -0.022700 0.000000 
0.000000 0.016288 0.032364 0.048018 0.063047 0.077253 0.090452 0.102472 0.113156 0.122365 0.129978 0.135898 0.140045 0.142367 0.142833 0.141437 0.138197 0.133155 0.126378 0.117953 0.107990 0.096620 0.083989 0.070264 0.055623 0.040257 0.024366 0.008157 -0.008157 -0.024366 -0.040257 -0.055623 -0.070264 -0.083989 -0.096619 -0.107990 -0.117953 -0.126378 -0.133155 -0.138197 -0.141437 -0.142833 -0.142368 -0.140045 -0.135898 -0.129978 -0.122365 -0.113156 -0.102472 -0.090452 -0.077253 -0.063047 -0.048018 -0.032364 -0.016288 0.000000 
0.000000 0.009824 0.019519 0.028960 0.038024 0.046592 0.054552 0.061801 0.068245 0.073799 0.078390 0.081960 0.084462 0.085862 0.086143 0.085301 0.083347 0.080307 0.076219 0.071138 0.065129 0.058272 0.050654 0.042377 0.033547 0.024279 0.014695 0.004920 -0.004920 -0.014695 -0.024279 -0.033547 -0.042377 -0.050654 -0.058272 -0.065129 -0.071138 -0.076219 -0.080307 -0.083347 -0.085302 -0.086144 -0.085863 -0.084462 -0.081960 -0.078391 -0.073799 -0.068245 -0.061801 -0.054552 -0.046591 -0.038024 -0.028960 -0.019519 -0.009823 0.000000 
0.000000 0.003327 0.006610 0.009808 0.012877 0.015779 0.018474 0.020929 0.023111 0.024992 0.026547 0.027756 0.028603 0.029078 0.029173 0.028888 0.028226 0.027196 0.025812 0.024091 0.022057 0.019734 0.017154 0.014351 0.011361 0.008222 0.004977 0.001666 -0.001666 -0.004977 -0.008222 -0.011361 -0.014351 -0.017154 -0.019734 -0.022057 -0.024091 -0.025812 -0.027196 -0.028226 -0.028888 -0.029173 -0.029078 -0.028604 -0.027756 -0.026547 -0.024993 -0.023111 -0.020929 -0.018474 -0.015778 -0.012877 -0.009808 -0.006610 -0.003327 0.000000 
0.000000 -0.003181 -0.006320 -0.009377 -0.012312 -0.015086 -0.017664 -0.020011 -0.022097 -0.023896 -0.025383 -0.026539 -0.027348 -0.027802 -0.027893 -0.027620 -0.026987 -0.026003 -0.024679 -0.023034 -0.021088 -0.018868 -0.016401 -0.013721 -0.010862 -0.007862 -0.004758 -0.001593 0.001593 0.004758 0.007861 0.010862 0.013721 0.016402 0.018868 0.021088 0.023034 0.024679 0.026003 0.026987 0.027619 0.027892 0.027802 0.027348 0.026538 0.025382 0.023895 0.022097 0.020011 0.017664 0.015086 0.012312 0.009377 0.006320 0.003181 0.000000 
0.000000 -0.009678 -0.019230 -0.028531 -0.037460 -0.045901 -0.053744 -0.060886 -0.067234 -0.072706 -0.077230 -0.080747 -0.083211 -0.084590 -0.084867 -0.084038 -0.082113 -0.079117 -0.075090 -0.070084 -0.064164 -0.057408 -0.049904 -0.041749 -0.033050 -0.023920 -0.014478 -0.004847 0.004847 0.014478 0.023920 0.033050 0.041749 0.049904 0.057408 0.064164 0.070084 0.075090 0.079117 0.082112 0.084037 0.084867 0.084591 0.083211 0.080746 0.077229 0.072706 0.067234 0.060886 0.053744 0.045901 0.037461 0.028531 0.019230 0.009678 0.000000 
0.000000 -0.016144 -0.032077 -0.047592 -0.062487 -0.076567 -0.089649 -0.101562 -0.112152 -0.121279 -0.128825 -0.134692 -0.138802 -0.141103 -0.141565 -0.140182 -0.136970 -0.131973 -0.125256 -0.116906 -0.107032 -0.095762 -0.083244 -0.069640 -0.055130 -0.039900 -0.024150 -0.008085 0.008085 0.024150 0.039900 0.055130 0.069641 0.083244 0.095762 0.107031 0.116906 0.125256 0.131973 0.136970 0.140181 0.141565 0.141104 0.138802 0.134691 0.128825 0.121279 0.112152 0.101562 0.089649 0.076567 0.062487 0.047592 0.032077 0.016144 0.000000 
0.000000 -0.022557 -0.044820 -0.066498 -0.087310 -0.106983 -0.125262 -0.141908 -0.156704 -0.169457 -0.180001 -0.188198 -0.193941 -0.197157 -0.197802 -0.195869 -0.191381 -0.184400 -0.175014 -0.163346 -0.149550 -0.133803 -0.116312 -0.097305 -0.077030 -0.055750 -0.033743 -0.011297 0.011297 0.033743 0.055750 0.077030 0.097305 0.116312 0.133803 0.149550 0.163346 0.175014 0.184399 0.191381 0.195868 0.197802 0.197157 0.193941 0.188197 0.180000 0.169457 0.156704 0.141908 0.125262 0.106983 0.087310 0.066498 0.044820 0.022557 0.000000 
0.000000 -0.028896 -0.057416 -0.085187 -0.111848 -0.137051 -0.160467 -0.181791 -0.200745 -0.217082 -0.230589 -0.241090 -0.248448 -0.252567 -0.253394 -0.250917 -0.245169 -0.236225 -0.224201 -0.209255 -0.191581 -0.171409 -0.149002 -0.124653 -0.098679 -0.071418 -0.043227 -0.014472 0.014472 0.043227 0.071418 0.098679 0.124653 0.149002 0.171408 0.191580 0.209255 0.224201 0.236224 0.245168 0.250917 0.253394 0.252567 0.248448 0.241090 0.230589 0.217082 0.200745 0.181791 0.160467 0.137051 0.111848 0.085188 0.057416 0.028896 0.000000 
0.000000 -0.035142 -0.069826 -0.103599 -0.136022 -0.166672 -0.195149 -0.221082 -0.244132 -0.264000 -0.280427 -0.293197 -0.302145 -0.307155 -0.308160 -0.305148 -0.298158 -0.287281 -0.272658 -0.254481 -0.232987 -0.208455 -0.181206 -0.151594 -0.120006 -0.086854 -0.052570 -0.017600 0.017600 0.052569 0.086854 0.120006 0.151594 0.181206 0.208455 0.232987 0.254481 0.272658 0.287280 0.298157 0.305148 0.308160 0.307155 0.302145 0.293197 0.280427 0.264000 0.244132 0.221082 0.195149 0.166672 0.136022 0.103599 0.069826 0.035142 0.000000 
0.000000 -0.041273 -0.082007 -0.121673 -0.159753 -0.195749 -0.229195 -0.259652 -0.286723 -0.310058 -0.329350 -0.344349 -0.354858 -0.360741 -0.361922 -0.358384 -0.350175 -0.337400 -0.320226 -0.298878 -0.273634 -0.244822 -0.212819 -0.178041 -0.140943 -0.102007 -0.061741 -0.020670 0.020670 0.061741 0.102007 0.140943 0.178041 0.212819 0.244822 0.273634 0.298878 0.320226 0.337399 0.350174 0.358384 0.361922 0.360741 0.354858 0.344349 0.329350 0.310058 0.286724 0.259652 0.229194 0.195750 0.159753 0.121673 0.082008 0.041273 0.000000 
0.000000 -0.047269 -0.093922 -0.139351 -0.182963 -0.224189 -0.262493 -0.297375 -0.328380 -0.355105 -0.377200 -0.394378 -0.406414 -0.413152 -0.414504 -0.410452 -0.401050 -0.386419 -0.366751 -0.342301 -0.313389 -0.280392 -0.243739 -0.203908 -0.161420 -0.116827 -0.070711 -0.023673 0.023673 0.070711 0.116827 0.161420 0.203908 0.243739 0.280391 0.313389 0.342301 0.366750 0.386419 0.401050 0.410452 0.414504 0.413152 0.406414 0.394378 0.377200 0.355105 0.328381 0.297375 0.262493 0.224189 0.182962 0.139350 0.093922 0.047269 0.000000 
0.000000 -0.053111 -0.105530 -0.156574 -0.205576 -0.251898 -0.294937 -0.334130 -0.368967 -0.398995 -0.423821 -0.443121 -0.456645 -0.464216 -0.465736 -0.461183 -0.450619 -0.434179 -0.412080 -0.384609 -0.352123 -0.315047 -0.273864 -0.229111 -0.181371 -0.131266 -0.079451 -0.026599 0.026599 0.079451 0.131266 0.181371 0.229111 0.273864 0.315047 0.352123 0.384608 0.412079 0.434179 0.450619 0.461183 0.465735 0.464216 0.456645 0.443121 0.423821 0.398995 0.368967 0.334130 0.294937 0.251898 0.205576 0.156574 0.105531 0.053112 0.000000 
0.000000 -0.058781 -0.116795 -0.173287 -0.227520 -0.278787 -0.326419 -0.369795 -0.408352 -0.441584 -0.469060 -0.490421 -0.505389 -0.513768 -0.515449 -0.510411 -0.498718 -0.480524 -0.456066 -0.425662 -0.389709 -0.348676 -0.303097 -0.253567 -0.200731 -0.145278 -0.087931 -0.029438 0.029438 0.087931 0.145278 0.200730 0.253566 0.303097 0.348675 0.389709 0.425662 0.456066 0.480524 0.498718 0.510410 0.515449 0.513767 0.505389 0.490421 0.469060 0.441584 0.408352 0.369796 0.326419 0.278786 0.227520 0.173287 0.116795 0.058781 0.000000 
0.000000 -0.064258 -0.127679 -0.189435 -0.248722 -0.304766 -0.356837 -0.404256 -0.446405 -0.482734 -0.512771 -0.536122 -0.552485 -0.561644 -0.563482 -0.557975 -0.545193 -0.525303 -0.498566 -0.465329 -0.426025 -0.381168 -0.331342 -0.277196 -0.219436 -0.158816 -0.096125 -0.032182 0.032182 0.096125 0.158816 0.219436 0.277196 0.331342 0.381168 0.426025 0.465328 0.498566 0.525303 0.545193 0.557974 0.563482 0.561644 0.552485 0.536122 0.512771 0.482735 0.446405 0.404256 0.356837 0.304766 0.248722 0.189435 0.127679 0.064259 0.000000 
0.000000 -0.069527 -0.138147 -0.204966 -0.269113 -0.329752 -0.386092 -0.437399 -0.483003 -0.522311 -0.554810 -0.580076 -0.597780 -0.607691 -0.609680 -0.603720 -0.589890 -0.568370 -0.539441 -0.503479 -0.460953 -0.412418 -0.358507 -0.299922 -0.237427 -0.171836 -0.104006 -0.034820 0.034820 0.104006 0.171836 0.237427 0.299922 0.358506 0.412418 0.460952 0.503478 0.539441 0.568370 0.589890 0.603720 0.609679 0.607691 0.597780 0.580076 0.554810 0.522311 0.483004 0.437399 0.386092 0.329752 0.269113 0.204966 0.138147 0.069527 0.000000 
0.000000 -0.074568 -0.148165 -0.219829 -0.288628 -0.353663 -0.414089 -0.469116 -0.518027 -0.560186 -0.595041 -0.622140 -0.641127 -0.651757 -0.653890 -0.647498 -0.632665 -0.609585 -0.578557 -0.539988 -0.494378 -0.442324 -0.384503 -0.321670 -0.254643 -0.184297 -0.111548 -0.037345 0.037345 0.111548 0.184297 0.254643 0.321670 0.384503 0.442323 0.494378 0.539987 0.578557 0.609585 0.632665 0.647498 0.653889 0.651757 0.641127 0.622140 0.595041 0.560186 0.518028 0.469116 0.414089 0.353664 0.288628 0.219829 0.148164 0.074568 0.000000 
0.000000 -0.079367 -0.157699 -0.233975 -0.307201 -0.376422 -0.440736 -0.499305 -0.551364 -0.596235 -0.633333 -0.662175 -0.682385 -0.693699 -0.695969 -0.689165 -0.673378 -0.648813 -0.615789 -0.574737 -0.526193 -0.470789 -0.409247 -0.342370 -0.271030 -0.196157 -0.118726 -0.039748 0.039748 0.118726 0.196157 0.271030 0.342370 0.409246 0.470788 0.526192 0.574737 0.615789 0.648812 0.673378 0.689165 0.695968 0.693698 0.682384 0.662175 0.633333 0.596235 0.551364 0.499305 0.440736 0.376423 0.307201 0.233975 0.157699 0.079367 0.000000 
0.000000 -0.083907 -0.166720 -0.247359 -0.324774 -0.397954 -0.465947 -0.527866 -0.582903 -0.630341 -0.669561 -0.700053 -0.721418 -0.733379 -0.735779 -0.728587 -0.711897 -0.685926 -0.651013 -0.607613 -0.556292 -0.497718 -0.432657 -0.361954 -0.286533 -0.207377 -0.125518 -0.042022 0.042022 0.125518 0.207378 0.286534 0.361954 0.432656 0.497718 0.556291 0.607613 0.651013 0.685926 0.711897 0.728587 0.735779 0.733379 0.721418 0.700053 0.669561 0.630341 0.582903 0.527866 0.465947 0.397955 0.324774 0.247359 0.166720 0.083907 0.000000 
0.000000 -0.088173 -0.175197 -0.259937 -0.341288 -0.418189 -0.489639 -0.554706 -0.612542 -0.662392 -0.703607 -0.735649 -0.758101 -0.770670 -0.773192 -0.765634 -0.748095 -0.720803 -0.684115 -0.638509 -0.584578 -0.523026 -0.454656 -0.380359 -0.301103 -0.217922 -0.131900 -0.044159 0.044159 0.131900 0.217922 0.301103 0.380358 0.454656 0.523026 0.584578 0.638508 0.684115 0.720803 0.748095 0.765634 0.773192 0.770670 0.758101 0.735649 0.703607 0.662392 0.612542 0.554706 0.489640 0.418190 0.341288 0.259937 0.175197 0.088173 0.000000 
0.000000 -0.092152 -0.183103 -0.271667 -0.356689 -0.437062 -0.511736 -0.579739 -0.640185 -0.692285 -0.735359 -0.768847 -0.792313 -0.805449 -0.808084 -0.800186 -0.781855 -0.753332 -0.714988 -0.667323 -0.610959 -0.546630 -0.475174 -0.397524 -0.314691 -0.227757 -0.137853 -0.046151 0.046151 0.137853 0.227757 0.314691 0.397523 0.475173 0.546629 0.610959 0.667323 0.714988 0.753332 0.781855 0.800186 0.808084 0.805448 0.792313 0.768847 0.735359 0.692285 0.640185 0.579739 0.511736 0.437062 0.356690 0.271667 0.183103 0.092153 0.000000 
0.000000 -0.095831 -0.190413 -0.282512 -0.370929 -0.454509 -0.532165 -0.602883 -0.665741 -0.719921 -0.764715 -0.799540 -0.823942 -0.837602 -0.840344 -0.832130 -0.813067 -0.783406 -0.743531 -0.693963 -0.635349 -0.568451 -0.494143 -0.413393 -0.327254 -0.236849 -0.143356 -0.047994 0.047994 0.143356 0.236849 0.327254 0.413393 0.494143 0.568451 0.635348 0.693963 0.743530 0.783405 0.813067 0.832129 0.840343 0.837602 0.823942 0.799540 0.764715 0.719921 0.665741 0.602883 0.532165 0.454509 0.370929 0.282512 0.190413 0.095831 0.000000 
0.000000 -0.099197 -0.197102 -0.292436 -0.383959 -0.470476 -0.550859 -0.624061 -0.689128 -0.745211 -0.791579 -0.827627 -0.852886 -0.867026 -0.869864 -0.861361 -0.841629 -0.810926 -0.769650 -0.718341 -0.657668 -0.588420 -0.511502 -0.427915 -0.338750 -0.245169 -0.148392 -0.049680 0.049680 0.148392 0.245169 0.338750 0.427915 0.511502 0.588420 0.657667 0.718341 0.769650 0.810925 0.841629 0.861361 0.869863 0.867026 0.852886 0.827627 0.791579 0.745211 0.689128 0.624061 0.550859 0.470476 0.383959 0.292437 0.197102 0.099198 0.000000 
0.000000 -0.102241 -0.203148 -0.301408 -0.395738 -0.484909 -0.567758 -0.643206 -0.710269 -0.768072 -0.815863 -0.853017 -0.879050 -0.893625 -0.896549 -0.887786 -0.867449 -0.835803 -0.793261 -0.740378 -0.677843 -0.606472 -0.527193 -0.441043 -0.349142 -0.252690 -0.152944 -0.051204 0.051204 0.152944 0.252690 0.349142 0.441042 0.527193 0.606471 0.677843 0.740378 0.793261 0.835802 0.867448 0.887785 0.896549 0.893624 0.879050 0.853017 0.815862 0.768072 0.710269 0.643206 0.567758 0.484909 0.395738 0.301408 0.203149 0.102241 0.000000 
0.000000 -0.104950 -0.208533 -0.309397 -0.406227 -0.497761 -0.582807 -0.660255 -0.729095 -0.788430 -0.837487 -0.875626 -0.902350 -0.917310 -0.920312 -0.911317 -0.890441 -0.857956 -0.814287 -0.760002 -0.695810 -0.622546 -0.541167 -0.452733 -0.358396 -0.259388 -0.156998 -0.052561 0.052561 0.156998 0.259387 0.358396 0.452733 0.541167 0.622546 0.695809 0.760002 0.814286 0.857956 0.890440 0.911316 0.920312 0.917310 0.902350 0.875626 0.837487 0.788430 0.729095 0.660255 0.582807 0.497762 0.406227 0.309397 0.208533 0.104951 0.000000 
0.000000 -0.107318 -0.213237 -0.316377 -0.415392 -0.508992 -0.595956 -0.675151 -0.745545 -0.806219 -0.856382 -0.895382 -0.922709 -0.938007 -0.941076 -0.931877 -0.910531 -0.877313 -0.832659 -0.777149 -0.711508 -0.636592 -0.553377 -0.462947 -0.366483 -0.265240 -0.160540 -0.053747 0.053747 0.160540 0.265240 0.366482 0.462947 0.553377 0.636592 0.711508 0.777149 0.832658 0.877313 0.910530 0.931877 0.941076 0.938006 0.922708 0.895382 0.856382 0.806218 0.745544 0.675151 0.595956 0.508992 0.415392 0.316377 0.213238 0.107319 0.000000 
0.000000 -0.109336 -0.217247 -0.322326 -0.423203 -0.518564 -0.607163 -0.687847 -0.759564 -0.821379 -0.872487 -0.912219 -0.940060 -0.955646 -0.958773 -0.949401 -0.927653 -0.893811 -0.848317 -0.791763 -0.724888 -0.648563 -0.563783 -0.471653 -0.373374 -0.270228 -0.163559 -0.054757 0.054757 0.163558 0.270227 0.373374 0.471653 0.563783 0.648563 0.724888 0.791763 0.848316 0.893811 0.927652 0.949401 0.958773 0.955645 0.940060 0.912219 0.872486 0.821379 0.759564 0.687847 0.607163 0.518563 0.423204 0.322327 0.217248 0.109337 0.000000 
0.000000 -0.110998 -0.220549 -0.327225 -0.429635 -0.526445 -0.616391 -0.698302 -0.771109 -0.833863 -0.885747 -0.926084 -0.954348 -0.970170 -0.973345 -0.963831 -0.941752 -0.907396 -0.861210 -0.803797 -0.735905 -0.658420 -0.572352 -0.478821 -0.379049 -0.274335 -0.166045 -0.055590 0.055590 0.166044 0.274335 0.379049 0.478821 0.572352 0.658420 0.735905 0.803797 0.861210 0.907395 0.941751 0.963831 0.973345 0.970170 0.954347 0.926083 0.885747 0.833863 0.771109 0.698302 0.616391 0.526445 0.429636 0.327226 0.220550 0.110998 0.000000 
0.000000 -0.112298 -0.223132 -0.331058 -0.434667 -0.532611 -0.623610 -0.706481 -0.780140 -0.843630 -0.896121 -0.936930 -0.965525 -0.981533 -0.984745 -0.975119 -0.952782 -0.918023 -0.871297 -0.813211 -0.744524 -0.666131 -0.579055 -0.484429 -0.383488 -0.277548 -0.167989 -0.056241 0.056241 0.167989 0.277548 0.383488 0.484429 0.579055 0.666131 0.744524 0.813211 0.871296 0.918022 0.952781 0.975119 0.984744 0.981533 0.965525 0.936930 0.896121 0.843629 0.780140 0.706480 0.623610 0.532611 0.434668 0.331058 0.223133 0.112298 0.000000 
0.000000 -0.113232 -0.224988 -0.333811 -0.438283 -0.537041 -0.628797 -0.712356 -0.786629 -0.850646 -0.903574 -0.944723 -0.973555 -0.989696 -0.992935 -0.983230 -0.960706 -0.925658 -0.878543 -0.819975 -0.750717 -0.671672 -0.583871 -0.488459 -0.386678 -0.279856 -0.169387 -0.056709 0.056708 0.169386 0.279856 0.386678 0.488458 0.583871 0.671672 0.750717 0.819975 0.878543 0.925658 0.960706 0.983229 0.992935 0.989696 0.973555 0.944722 0.903574 0.850646 0.786628 0.712356 0.628797 0.537041 0.438283 0.333811 0.224989 0.113232 0.000000 
0.000000 -0.113797 -0.226111 -0.335477 -0.440470 -0.539720 -0.631935 -0.715911 -0.790554 -0.854890 -0.908082 -0.949437 -0.978413 -0.994634 -0.997890 -0.988135 -0.965500 -0.930277 -0.882926 -0.824066 -0.754462 -0.675023 -0.586784 -0.490896 -0.388607 -0.281253 -0.170232 -0.056992 0.056991 0.170232 0.281253 0.388607 0.490895 0.586784 0.675023 0.754462 0.824066 0.882926 0.930276 0.965499 0.988135 0.997889 0.994634 0.978413 0.949436 0.908082 0.854890 0.790553 0.715910 0.631934 0.539720 0.440470 0.335477 0.226111 0.113797 0.000000 
0.000000 -0.113991 -0.226496 -0.336049 -0.441221 -0.540641 -0.633012 -0.717131 -0.791902 -0.856349 -0.909631 -0.951056 -0.980081 -0.996331 -0.999592 -0.989821 -0.967146 -0.931863 -0.884432 -0.825471 -0.755749 -0.676174 -0.587785 -0.491733 -0.389270 -0.281733 -0.170523 -0.057089 0.057088 0.170522 0.281733 0.389270 0.491733 0.587785 0.676175 0.755749 0.825471 0.884432 0.931863 0.967146 0.989820 0.999591 0.996330 0.980081 0.951056 0.909631 0.856348 0.791902 0.717131 0.633012 0.540641 0.441221 0.336049 0.226497 0.113991 0.000000 
0.000000 -0.113814 -0.226144 -0.335526 -0.440534 -0.539799 -0.632027 -0.716015 -0.790670 -0.855016 -0.908216 -0.949575 -0.978556 -0.994780 -0.998036 -0.988280 -0.965641 -0.930413 -0.883055 -0.824187 -0.754573 -0.675122 -0.586870 -0.490967 -0.388664 -0.281294 -0.170257 -0.057000 0.057000 0.170257 0.281294 0.388664 0.490967 0.586870 0.675122 0.754573 0.824186 0.883055 0.930413 0.965640 0.988280 0.998035 0.994780 0.978556 0.949575 0.908215 0.855015 0.790669 0.716015 0.632027 0.539799 0.440534 0.335526 0.226144 0.113814 0.000000 
0.000000 -0.113266 -0.225055 -0.333910 -0.438412 -0.537198 -0.628982 -0.712566 -0.786860 -0.850896 -0.903840 -0.945000 -0.973842 -0.989988 -0.993227 -0.983519 -0.960988 -0.925930 -0.878801 -0.820216 -0.750937 -0.671869 -0.584043 -0.488602 -0.386792 -0.279939 -0.169437 -0.056726 0.056725 0.169437 0.279939 0.386791 0.488602 0.584042 0.671869 0.750937 0.820216 0.878801 0.925930 0.960988 0.983518 0.993227 0.989987 0.973841 0.945000 0.903840 0.850896 0.786859 0.712565 0.628982 0.537198 0.438412 0.333910 0.225054 0.113266 0.000000 
0.000000 -0.112348 -0.223232 -0.331205 -0.434860 -0.532847 -0.623887 -0.706793 -0.780486 -0.844004 -0.896518 -0.937345 -0.965953 -0.981968 -0.985181 -0.975551 -0.953204 -0.918429 -0.871682 -0.813571 -0.744854 -0.666427 -0.579311 -0.484644 -0.383658 -0.277672 -0.168064 -0.056266 0.056266 0.168064 0.277671 0.383658 0.484644 0.579311 0.666427 0.744854 0.813571 0.871682 0.918429 0.953204 0.975551 0.985181 0.981968 0.965953 0.937345 0.896518 0.844003 0.780485 0.706793 0.623887 0.532847 0.434860 0.331205 0.223231 0.112348 0.000000 
0.000000 -0.111065 -0.220682 -0.327421 -0.429892 -0.526759 -0.616758 -0.698718 -0.771568 -0.834360 -0.886275 -0.926636 -0.954917 -0.970748 -0.973925 -0.964405 -0.942313 -0.907936 -0.861723 -0.804276 -0.736344 -0.658813 -0.572692 -0.479107 -0.379275 -0.274499 -0.166144 -0.055623 0.055623 0.166144 0.274498 0.379275 0.479107 0.572692 0.658812 0.736344 0.804276 0.861723 0.907936 0.942313 0.964405 0.973924 0.970748 0.954916 0.926635 0.886275 0.834360 0.771568 0.698718 0.616758 0.526758 0.429892 0.327420 0.220681 0.111064 0.000000 
0.000000 -0.109419 -0.217412 -0.322569 -0.423522 -0.518954 -0.607620 -0.688365 -0.760136 -0.821998 -0.873143 -0.912906 -0.940768 -0.956365 -0.959494 -0.950115 -0.928350 -0.894483 -0.848955 -0.792359 -0.725433 -0.649051 -0.564207 -0.472008 -0.373655 -0.270432 -0.163682 -0.054799 0.054799 0.163682 0.270431 0.373655 0.472008 0.564207 0.649051 0.725433 0.792359 0.848955 0.894483 0.928350 0.950115 0.959494 0.956365 0.940767 0.912905 0.873143 0.821997 0.760136 0.688365 0.607620 0.518954 0.423522 0.322569 0.217411 0.109419 0.000000 
0.000000 -0.107417 -0.213433 -0.316667 -0.415772 -0.509457 -0.596501 -0.675768 -0.746226 -0.806956 -0.857165 -0.896201 -0.923552 -0.938864 -0.941937 -0.932729 -0.911362 -0.878115 -0.833420 -0.777859 -0.712159 -0.637174 -0.553883 -0.463371 -0.366818 -0.265483 -0.160687 -0.053796 0.053796 0.160687 0.265482 0.366817 0.463370 0.553882 0.637174 0.712158 0.777859 0.833420 0.878115 0.911363 0.932729 0.941936 0.938864 0.923552 0.896200 0.857165 0.806956 0.746226 0.675768 0.596501 0.509457 0.415772 0.316666 0.213433 0.107417 0.000000 
0.000000 -0.105065 -0.208759 -0.309732 -0.406667 -0.498301 -0.583438 -0.660970 -0.729885 -0.789284 -0.838394 -0.876575 -0.903327 -0.918304 -0.921309 -0.912303 -0.891404 -0.858885 -0.815168 -0.760825 -0.696563 -0.623220 -0.541753 -0.453223 -0.358785 -0.259669 -0.157168 -0.052618 0.052618 0.157168 0.259669 0.358784 0.453223 0.541753 0.623220 0.696563 0.760825 0.815168 0.858885 0.891404 0.912303 0.921309 0.918304 0.903327 0.876575 0.838394 0.789284 0.729885 0.660969 0.583438 0.498300 0.406667 0.309732 0.208759 0.105064 0.000000 
0.000000 -0.102370 -0.203405 -0.301788 -0.396237 -0.485520 -0.568474 -0.644017 -0.711164 -0.769040 -0.816891 -0.854092 -0.880158 -0.894751 -0.897679 -0.888904 -0.868541 -0.836856 -0.794260 -0.741311 -0.678697 -0.607235 -0.527858 -0.441599 -0.349583 -0.253009 -0.153136 -0.051268 0.051268 0.153136 0.253008 0.349582 0.441598 0.527857 0.607235 0.678697 0.741311 0.794260 0.836856 0.868541 0.888904 0.897679 0.894750 0.880158 0.854092 0.816890 0.769040 0.711164 0.644017 0.568474 0.485520 0.396236 0.301787 0.203404 0.102370 0.000000 
0.000000 -0.099341 -0.197387 -0.292860 -0.384515 -0.471157 -0.551657 -0.624965 -0.690126 -0.746290 -0.792725 -0.828825 -0.854121 -0.868282 -0.871123 -0.862608 -0.842847 -0.812099 -0.770764 -0.719381 -0.658619 -0.589272 -0.512242 -0.428535 -0.339241 -0.245524 -0.148606 -0.049752 0.049752 0.148606 0.245524 0.339240 0.428534 0.512242 0.589271 0.658619 0.719380 0.770764 0.812099 0.842847 0.862608 0.871123 0.868281 0.854121 0.828825 0.792725 0.746290 0.690125 0.624965 0.551656 0.471156 0.384515 0.292860 0.197387 0.099341 0.000000 
0.000000 -0.095989 -0.190727 -0.282978 -0.371540 -0.455258 -0.533042 -0.603876 -0.666838 -0.721107 -0.765975 -0.800857 -0.825300 -0.838982 -0.841728 -0.833500 -0.814407 -0.784696 -0.744756 -0.695106 -0.636395 -0.569388 -0.494957 -0.414075 -0.327793 -0.237239 -0.143592 -0.048073 0.048073 0.143592 0.237239 0.327793 0.414074 0.494957 0.569387 0.636395 0.695106 0.744755 0.784696 0.814406 0.833500 0.841728 0.838982 0.825299 0.800857 0.765975 0.721107 0.666838 0.603876 0.533041 0.455258 0.371540 0.282978 0.190726 0.095989 0.000000 
0.000000 -0.092324 -0.183444 -0.272173 -0.357354 -0.437876 -0.512690 -0.580819 -0.641378 -0.693575 -0.736729 -0.770280 -0.793788 -0.806949 -0.809590 -0.801676 -0.783311 -0.754735 -0.716320 -0.668566 -0.612097 -0.547648 -0.476059 -0.398264 -0.315278 -0.228181 -0.138109 -0.046237 0.046237 0.138109 0.228181 0.315277 0.398264 0.476058 0.547647 0.612096 0.668566 0.716319 0.754735 0.783311 0.801676 0.809589 0.806949 0.793788 0.770280 0.736729 0.693574 0.641377 0.580819 0.512689 0.437876 0.357354 0.272173 0.183444 0.092324 0.000000 
0.000000 -0.088358 -0.175564 -0.260482 -0.342003 -0.419067 -0.490667 -0.555870 -0.613827 -0.663781 -0.705082 -0.737191 -0.759690 -0.772285 -0.774813 -0.767239 -0.749663 -0.722314 -0.685549 -0.639847 -0.585803 -0.524123 -0.455609 -0.381156 -0.301734 -0.218379 -0.132177 -0.044251 0.044251 0.132177 0.218379 0.301734 0.381156 0.455609 0.524122 0.585803 0.639847 0.685549 0.722314 0.749663 0.767239 0.774813 0.772285 0.759690 0.737191 0.705082 0.663781 0.613826 0.555869 0.490666 0.419066 0.342003 0.260481 0.175564 0.088358 0.000000 
0.000000 -0.084104 -0.167112 -0.247941 -0.325538 -0.398891 -0.467044 -0.529108 -0.584275 -0.631824 -0.671137 -0.701700 -0.723116 -0.735105 -0.737511 -0.730302 -0.713572 -0.687540 -0.652544 -0.609043 -0.557601 -0.498890 -0.433675 -0.362806 -0.287208 -0.207865 -0.125813 -0.042121 0.042121 0.125813 0.207865 0.287207 0.362806 0.433674 0.498889 0.557600 0.609042 0.652544 0.687540 0.713572 0.730301 0.737511 0.735105 0.723116 0.701701 0.671137 0.631824 0.584275 0.529108 0.467044 0.398891 0.325538 0.247941 0.167112 0.084104 0.000000 
0.000000 -0.079576 -0.158115 -0.234592 -0.308012 -0.377416 -0.441900 -0.500623 -0.552819 -0.597808 -0.635005 -0.663922 -0.684185 -0.695529 -0.697805 -0.690984 -0.675155 -0.650525 -0.617413 -0.576253 -0.527581 -0.472031 -0.410327 -0.343273 -0.271745 -0.196675 -0.119040 -0.039853 0.039853 0.119040 0.196674 0.271745 0.343273 0.410326 0.472030 0.527580 0.576253 0.617413 0.650524 0.675155 0.690984 0.697805 0.695529 0.684186 0.663923 0.635004 0.597808 0.552819 0.500622 0.441899 0.377416 0.308012 0.234592 0.158115 0.079576 0.000000 
0.000000 -0.074789 -0.148603 -0.220479 -0.289482 -0.354711 -0.415315 -0.470505 -0.519561 -0.561844 -0.596803 -0.623981 -0.643025 -0.653686 -0.655825 -0.649415 -0.634538 -0.611389 -0.580270 -0.541586 -0.495842 -0.443633 -0.385641 -0.322622 -0.255397 -0.184843 -0.111878 -0.037456 0.037455 0.111878 0.184842 0.255397 0.322622 0.385641 0.443632 0.495841 0.541585 0.580269 0.611389 0.634537 0.649414 0.655825 0.653686 0.643025 0.623981 0.596803 0.561844 0.519561 0.470505 0.415315 0.354710 0.289482 0.220479 0.148603 0.074789 0.000000 
0.000000 -0.069758 -0.138606 -0.205647 -0.270008 -0.330849 -0.387377 -0.438855 -0.484610 -0.524049 -0.556656 -0.582006 -0.599768 -0.609712 -0.611708 -0.605728 -0.591853 -0.570261 -0.541235 -0.505153 -0.462486 -0.413790 -0.359699 -0.300919 -0.238216 -0.172408 -0.104352 -0.034936 0.034936 0.104352 0.172408 0.238216 0.300919 0.359699 0.413789 0.462486 0.505153 0.541235 0.570260 0.591852 0.605728 0.611708 0.609712 0.599769 0.582006 0.556656 0.524049 0.484610 0.438854 0.387376 0.330849 0.270008 0.205648 0.138606 0.069758 0.000000 
0.000000 -0.064499 -0.128158 -0.190146 -0.249655 -0.305909 -0.358176 -0.405773 -0.448080 -0.484546 -0.514694 -0.538134 -0.554557 -0.563752 -0.565597 -0.560068 -0.547238 -0.527274 -0.500437 -0.467074 -0.427623 -0.382598 -0.332584 -0.278235 -0.220259 -0.159412 -0.096486 -0.032302 0.032302 0.096486 0.159411 0.220259 0.278235 0.332584 0.382597 0.427623 0.467074 0.500436 0.527274 0.547238 0.560068 0.565597 0.563752 0.554557 0.538134 0.514695 0.484546 0.448080 0.405773 0.358176 0.305909 0.249655 0.190146 0.128158 0.064500 0.000000 
0.000000 -0.059031 -0.117292 -0.174024 -0.228488 -0.279972 -0.327808 -0.371369 -0.410089 -0.443463 -0.471056 -0.492508 -0.507539 -0.515954 -0.517642 -0.512582 -0.500840 -0.482569 -0.458007 -0.427473 -0.391367 -0.350159 -0.304386 -0.254645 -0.201585 -0.145896 -0.088305 -0.029564 0.029563 0.088305 0.145896 0.201584 0.254645 0.304386 0.350159 0.391367 0.427473 0.458006 0.482568 0.500840 0.512582 0.517642 0.515954 0.507539 0.492508 0.471056 0.443463 0.410089 0.371369 0.327808 0.279973 0.228488 0.174024 0.117292 0.059031 0.000000 
0.000000 -0.053370 -0.106044 -0.157336 -0.206576 -0.253123 -0.296371 -0.335755 -0.370762 -0.400936 -0.425882 -0.445277 -0.458866 -0.466474 -0.468000 -0.463426 -0.452810 -0.436292 -0.414084 -0.386479 -0.353835 -0.316579 -0.275195 -0.230225 -0.182253 -0.131904 -0.079837 -0.026729 0.026728 0.079836 0.131904 0.182252 0.230225 0.275195 0.316579 0.353835 0.386478 0.414084 0.436291 0.452810 0.463426 0.468001 0.466474 0.458866 0.445277 0.425882 0.400935 0.370762 0.335755 0.296371 0.253124 0.206576 0.157336 0.106044 0.053370 0.000000 
0.000000 -0.047535 -0.094450 -0.140134 -0.183991 -0.225449 -0.263968 -0.299046 -0.330226 -0.357101 -0.379320 -0.396594 -0.408698 -0.415474 -0.416834 -0.412760 -0.403304 -0.388592 -0.368812 -0.344225 -0.315150 -0.281967 -0.245108 -0.205054 -0.162327 -0.117483 -0.071108 -0.023806 0.023806 0.071108 0.117483 0.162326 0.205054 0.245108 0.281967 0.315150 0.344225 0.368811 0.388591 0.403304 0.412760 0.416834 0.415474 0.408698 0.396595 0.379320 0.357101 0.330227 0.299047 0.263969 0.225450 0.183991 0.140134 0.094450 0.047535 0.000000 
0.000000 -0.041545 -0.082548 -0.122476 -0.160806 -0.197040 -0.230705 -0.261364 -0.288614 -0.312102 -0.331522 -0.346620 -0.357199 -0.363120 -0.364309 -0.360748 -0.352484 -0.339625 -0.322338 -0.300849 -0.275438 -0.246436 -0.214222 -0.179215 -0.141872 -0.102679 -0.062148 -0.020807 0.020806 0.062147 0.102679 0.141872 0.179215 0.214222 0.246436 0.275438 0.300849 0.322337 0.339625 0.352484 0.360748 0.364309 0.363120 0.357198 0.346620 0.331522 0.312103 0.288615 0.261364 0.230706 0.197041 0.160806 0.122476 0.082549 0.041545 0.000000 
0.000000 -0.035420 -0.070378 -0.104418 -0.137098 -0.167989 -0.196691 -0.222829 -0.246062 -0.266087 -0.282644 -0.295515 -0.304534 -0.309583 -0.310596 -0.307560 -0.300515 -0.289552 -0.274814 -0.256493 -0.234828 -0.210102 -0.182638 -0.152792 -0.120954 -0.087540 -0.052985 -0.017739 0.017738 0.052985 0.087540 0.120954 0.152792 0.182638 0.210102 0.234828 0.256492 0.274813 0.289551 0.300515 0.307560 0.310596 0.309583 0.304534 0.295515 0.282643 0.266087 0.246062 0.222829 0.196691 0.167990 0.137098 0.104418 0.070378 0.035420 0.000000 
0.000000 -0.029179 -0.057978 -0.086020 -0.112942 -0.138390 -0.162035 -0.183568 -0.202707 -0.219204 -0.232844 -0.243447 -0.250877 -0.255037 -0.255872 -0.253370 -0.247567 -0.238535 -0.226393 -0.211300 -0.193453 -0.173084 -0.150458 -0.125871 -0.099643 -0.072116 -0.043650 -0.014613 0.014613 0.043649 0.072116 0.099643 0.125871 0.150458 0.173084 0.193453 0.211300 0.226393 0.238534 0.247566 0.253370 0.255871 0.255037 0.250877 0.243447 0.232844 0.219205 0.202708 0.183569 0.162036 0.138391 0.112942 0.086021 0.057978 0.029179 0.000000 
0.000000 -0.022843 -0.045389 -0.067342 -0.088418 -0.108341 -0.126852 -0.143708 -0.158692 -0.171607 -0.182285 -0.190587 -0.196403 -0.199659 -0.200313 -0.198355 -0.193811 -0.186740 -0.177235 -0.165420 -0.151448 -0.135501 -0.117788 -0.098540 -0.078007 -0.056457 -0.034172 -0.011440 0.011440 0.034171 0.056457 0.078007 0.098540 0.117788 0.135501 0.151447 0.165419 0.177235 0.186740 0.193811 0.198354 0.200312 0.199659 0.196403 0.190586 0.182285 0.171608 0.158693 0.143709 0.126852 0.108342 0.088419 0.067343 0.045389 0.022844 0.000000 
0.000000 -0.016433 -0.032652 -0.048445 -0.063606 -0.077938 -0.091255 -0.103381 -0.114160 -0.123451 -0.131132 -0.137104 -0.141288 -0.143631 -0.144101 -0.142693 -0.139424 -0.134337 -0.127499 -0.119000 -0.108949 -0.097477 -0.084735 -0.070887 -0.056117 -0.040614 -0.024583 -0.008230 0.008230 0.024582 0.040614 0.056116 0.070887 0.084734 0.097477 0.108948 0.118999 0.127499 0.134337 0.139423 0.142692 0.144101 0.143631 0.141288 0.137104 0.131132 0.123451 0.114161 0.103382 0.091255 0.077939 0.063607 0.048445 0.032652 0.016433 0.000000 
0.000000 -0.009969 -0.019808 -0.029389 -0.038587 -0.047282 -0.055360 -0.062716 -0.069256 -0.074892 -0.079552 -0.083175 -0.085714 -0.087135 -0.087420 -0.086566 -0.084582 -0.081496 -0.077348 -0.072192 -0.066094 -0.059135 -0.051405 -0.043004 -0.034043 -0.024639 -0.014913 -0.004993 0.004993 0.014913 0.024639 0.034043 0.043004 0.051404 0.059135 0.066094 0.072192 0.077348 0.081496 0.084582 0.086565 0.087420 0.087135 0.085713 0.083175 0.079552 0.074892 0.069256 0.062717 0.055361 0.047282 0.038587 0.029390 0.019809 0.009969 0.000000 
0.000000 -0.003473 -0.006900 -0.010238 -0.013442 -0.016471 -0.019285 -0.021848 -0.024126 -0.026089 -0.027713 -0.028975 -0.029859 -0.030355 -0.030454 -0.030156 -0.029465 -0.028390 -0.026945 -0.025149 -0.023025 -0.020600 -0.017907 -0.014981 -0.011859 -0.008583 -0.005195 -0.001740 0.001739 0.005195 0.008583 0.011859 0.014980 0.017907 0.020600 0.023024 0.025149 0.026945 0.028390 0.029464 0.030155 0.030453 0.030354 0.029859 0.028975 0.027713 0.026090 0.024126 0.021848 0.019286 0.016471 0.013442 0.010239 0.006901 0.003473 0.000000 
0.000000 0.003035 0.006030 0.008947 0.011747 0.014394 0.016853 0.019092 0.021083 0.022799 0.024217 0.025320 0.026092 0.026525 0.026611 0.026352 0.025748 0.024809 0.023546 0.021977 0.020120 0.018002 0.015649 0.013091 0.010364 0.007501 0.004540 0.001520 -0.001520 -0.004540 -0.007501 -0.010364 -0.013092 -0.015649 -0.018002 -0.020120 -0.021977 -0.023546 -0.024809 -0.025749 -0.026352 -0.026612 -0.026525 -0.026092 -0.025320 -0.024217 -0.022798 -0.021082 -0.019092 -0.016852 -0.014393 -0.011746 -0.008946 -0.006030 -0.003035 0.000000 
0.000000 0.009532 0.018941 0.028103 0.036897 0.045211 0.052936 0.059970 0.066223 0.071612 0.076068 0.079532 0.081959 0.083317 0.083590 0.082774 0.080877 0.077927 0.073961 0.069030 0.063199 0.056545 0.049153 0.041121 0.032553 0.023560 0.014260 0.004774 -0.004774 -0.014260 -0.023560 -0.032553 -0.041121 -0.049154 -0.056545 -0.063199 -0.069030 -0.073961 -0.077927 -0.080878 -0.082774 -0.083591 -0.083318 -0.081959 -0.079532 -0.076068 -0.071612 -0.066222 -0.059970 -0.052935 -0.045211 -0.036897 -0.028102 -0.018940 -0.009532 0.000000 
0.000000 0.015999 0.031790 0.047166 0.061927 0.075882 0.088846 0.100652 0.111147 0.120192 0.127671 0.133485 0.137559 0.139839 0.140297 0.138926 0.135743 0.130791 0.124134 0.115859 0.106073 0.094904 0.082498 0.069016 0.054635 0.039542 0.023933 0.008013 -0.008013 -0.023934 -0.039543 -0.054636 -0.069017 -0.082498 -0.094904 -0.106073 -0.115859 -0.124134 -0.130791 -0.135743 -0.138926 -0.140297 -0.139839 -0.137558 -0.133485 -0.127670 -0.120192 -0.111146 -0.100652 -0.088846 -0.075881 -0.061927 -0.047166 -0.031790 -0.015999 0.000000 
0.000000 0.022414 0.044536 0.066076 0.086756 0.106304 0.124467 0.141007 0.155709 0.168381 0.178858 0.187002 0.192710 0.195905 0.196546 0.194625 0.190167 0.183229 0.173903 0.162309 0.148600 0.132954 0.115574 0.096687 0.076540 0.055396 0.033529 0.011225 -0.011225 -0.033529 -0.055396 -0.076541 -0.096688 -0.115574 -0.132954 -0.148600 -0.162309 -0.173903 -0.183229 -0.190166 -0.194625 -0.196546 -0.195905 -0.192710 -0.187002 -0.178857 -0.168380 -0.155708 -0.141006 -0.124466 -0.106304 -0.086755 -0.066076 -0.044535 -0.022413 0.000000 
0.000000 0.028756 0.057136 0.084771 0.111302 0.136381 0.159682 0.180902 0.199763 0.216020 0.229461 0.239911 0.247233 0.251332 0.252155 0.249690 0.243970 0.235069 0.223105 0.208231 0.190644 0.170570 0.148273 0.124043 0.098196 0.071069 0.043015 0.014401 -0.014401 -0.043016 -0.071069 -0.098196 -0.124043 -0.148273 -0.170570 -0.190644 -0.208231 -0.223105 -0.235070 -0.243970 -0.249690 -0.252155 -0.251332 -0.247233 -0.239911 -0.229461 -0.216020 -0.199763 -0.180901 -0.159682 -0.136380 -0.111301 -0.084771 -0.057135 -0.028755 0.000000 
0.000000 0.035003 0.069550 0.103190 0.135485 0.166013 0.194377 0.220207 0.243167 0.262956 0.279317 0.292037 0.300950 0.305940 0.306941 0.303941 0.296978 0.286144 0.271579 0.253475 0.232065 0.207630 0.180489 0.150994 0.119531 0.086510 0.052361 0.017530 -0.017530 -0.052362 -0.086510 -0.119532 -0.150995 -0.180489 -0.207630 -0.232065 -0.253475 -0.271580 -0.286144 -0.296978 -0.303941 -0.306941 -0.305940 -0.300950 -0.292037 -0.279317 -0.262956 -0.243166 -0.220207 -0.194376 -0.166012 -0.135484 -0.103189 -0.069549 -0.035003 0.000000 
0.000000 0.041137 0.081737 0.121272 0.159226 0.195104 0.228438 0.258795 0.285777 0.309034 0.328263 0.343212 0.353687 0.359551 0.360728 0.357202 0.349018 0.336286 0.319169 0.297892 0.272731 0.244014 0.212116 0.177453 0.140477 0.101669 0.061537 0.020602 -0.020602 -0.061537 -0.101670 -0.140477 -0.177454 -0.212116 -0.244014 -0.272731 -0.297892 -0.319170 -0.336286 -0.349019 -0.357201 -0.360727 -0.359551 -0.353687 -0.343212 -0.328263 -0.309034 -0.285777 -0.258794 -0.228437 -0.195103 -0.159225 -0.121271 -0.081737 -0.041137 0.000000 
0.000000 0.047137 0.093658 0.138959 0.182448 0.223559 0.261755 0.296539 0.327457 0.354106 0.376139 0.393268 0.405271 0.411990 0.413338 0.409298 0.399921 0.385332 0.365719 0.341338 0.312507 0.279602 0.243053 0.203334 0.160965 0.116498 0.070512 0.023606 -0.023607 -0.070512 -0.116498 -0.160966 -0.203334 -0.243053 -0.279603 -0.312507 -0.341338 -0.365719 -0.385332 -0.399922 -0.409298 -0.413338 -0.411990 -0.405271 -0.393268 -0.376139 -0.354106 -0.327456 -0.296538 -0.261754 -0.223558 -0.182448 -0.138958 -0.093658 -0.047136 0.000000 
0.000000 0.052982 0.105274 0.156193 0.205076 0.251285 0.294219 0.333316 0.368069 0.398023 0.422789 0.442043 0.455534 0.463087 0.464602 0.460060 0.449521 0.433122 0.411076 0.383672 0.351265 0.314280 0.273197 0.228552 0.180929 0.130946 0.079257 0.026534 -0.026534 -0.079257 -0.130946 -0.180929 -0.228553 -0.273197 -0.314280 -0.351265 -0.383672 -0.411076 -0.433122 -0.449521 -0.460060 -0.464601 -0.463086 -0.455534 -0.442043 -0.422789 -0.398023 -0.368069 -0.333316 -0.294218 -0.251285 -0.205075 -0.156192 -0.105273 -0.052982 0.000000 
0.000000 0.058655 0.116547 0.172918 0.227035 0.278193 0.325723 0.369008 0.407481 0.440643 0.468061 0.489376 0.504313 0.512674 0.514352 0.509323 0.497656 0.479500 0.455094 0.424755 0.388878 0.347932 0.302451 0.253026 0.200303 0.144968 0.087743 0.029375 -0.029376 -0.087744 -0.144968 -0.200303 -0.253026 -0.302451 -0.347933 -0.388879 -0.424755 -0.455094 -0.479501 -0.497656 -0.509323 -0.514351 -0.512673 -0.504312 -0.489376 -0.468061 -0.440643 -0.407481 -0.369007 -0.325723 -0.278192 -0.227035 -0.172918 -0.116546 -0.058655 0.000000 
0.000000 0.064137 0.127439 0.189079 0.248255 0.304193 0.356166 0.403497 0.445566 0.481827 0.511808 0.535115 0.551447 0.560590 0.562424 0.556927 0.544169 0.524316 0.497629 0.464454 0.425224 0.380451 0.330719 0.276675 0.219024 0.158517 0.095944 0.032121 -0.032121 -0.095945 -0.158517 -0.219023 -0.276675 -0.330719 -0.380452 -0.425225 -0.464454 -0.497629 -0.524316 -0.544168 -0.556926 -0.562424 -0.560589 -0.551447 -0.535115 -0.511807 -0.481827 -0.445566 -0.403496 -0.356166 -0.304193 -0.248254 -0.189079 -0.127439 -0.064137 0.000000 
0.000000 0.069411 0.137917 0.204624 0.268665 0.329203 0.385449 0.436670 0.482198 0.521441 0.553886 0.579110 0.596785 0.606679 0.608664 0.602715 0.588908 0.567423 0.538541 0.502639 0.460184 0.411730 0.357909 0.299422 0.237031 0.171550 0.103833 0.034762 -0.034762 -0.103833 -0.171550 -0.237031 -0.299422 -0.357909 -0.411731 -0.460185 -0.502639 -0.538542 -0.567423 -0.588907 -0.602714 -0.608664 -0.606678 -0.596784 -0.579110 -0.553886 -0.521441 -0.482198 -0.436670 -0.385449 -0.329202 -0.268664 -0.204624 -0.137916 -0.069410 0.000000 
0.000000 0.074458 0.147944 0.219503 0.288200 0.353139 0.413475 0.468420 0.517259 0.559355 0.594160 0.621218 0.640177 0.650791 0.652920 0.646539 0.631728 0.608681 0.577699 0.539186 0.493645 0.441668 0.383933 0.321193 0.254266 0.184023 0.111382 0.037289 -0.037290 -0.111383 -0.184023 -0.254265 -0.321193 -0.383933 -0.441668 -0.493645 -0.539186 -0.577699 -0.608681 -0.631727 -0.646538 -0.652920 -0.650790 -0.640176 -0.621217 -0.594159 -0.559355 -0.517259 -0.468420 -0.413475 -0.353139 -0.288199 -0.219503 -0.147944 -0.074457 0.000000 
0.000000 0.079262 0.157490 0.233666 0.306795 0.375925 0.440154 0.498644 0.550635 0.595447 0.632497 0.661301 0.681483 0.692782 0.695049 0.688255 0.672488 0.647955 0.614974 0.573976 0.525496 0.470165 0.408705 0.341917 0.270672 0.195897 0.118569 0.039695 -0.039696 -0.118569 -0.195897 -0.270671 -0.341917 -0.408705 -0.470166 -0.525496 -0.573977 -0.614974 -0.647954 -0.672488 -0.688254 -0.695048 -0.692781 -0.681482 -0.661300 -0.632496 -0.595447 -0.550635 -0.498644 -0.440153 -0.375924 -0.306795 -0.233666 -0.157490 -0.079262 0.000000 
0.000000 0.083808 0.166522 0.247067 0.324390 0.397485 0.465398 0.527243 0.582215 0.629598 0.668772 0.699228 0.720568 0.732514 0.734912 0.727728 0.711057 0.685117 0.650245 0.606895 0.555635 0.497131 0.432146 0.361527 0.286195 0.207133 0.125370 0.041972 -0.041973 -0.125370 -0.207133 -0.286195 -0.361527 -0.432146 -0.497131 -0.555635 -0.606896 -0.650244 -0.685116 -0.711057 -0.727728 -0.734911 -0.732514 -0.720567 -0.699227 -0.668772 -0.629597 -0.582215 -0.527243 -0.465397 -0.397485 -0.324391 -0.247067 -0.166523 -0.083808 0.000000 
0.000000 0.088080 0.175013 0.259663 0.340928 0.417750 0.489125 0.554123 0.611898 0.661696 0.702868 0.734876 0.757305 0.769860 0.772380 0.764830 0.747309 0.720046 0.683396 0.637837 0.583963 0.522476 0.454178 0.379959 0.300786 0.217693 0.131761 0.044112 -0.044112 -0.131761 -0.217693 -0.300787 -0.379959 -0.454178 -0.522476 -0.583963 -0.637837 -0.683396 -0.720046 -0.747309 -0.764829 -0.772379 -0.769860 -0.757304 -0.734876 -0.702867 -0.661696 -0.611898 -0.554124 -0.489125 -0.417750 -0.340929 -0.259663 -0.175013 -0.088081 0.000000 
0.000000 0.092066 0.182932 0.271413 0.356356 0.436653 0.511258 0.579198 0.639587 0.691639 0.734673 0.768130 0.791573 0.804696 0.807330 0.799438 0.781125 0.752628 0.714320 0.666699 0.610387 0.546118 0.474730 0.397152 0.314397 0.227544 0.137724 0.046108 -0.046108 -0.137724 -0.227544 -0.314397 -0.397152 -0.474729 -0.546118 -0.610388 -0.666699 -0.714320 -0.752628 -0.781125 -0.799438 -0.807330 -0.804696 -0.791573 -0.768129 -0.734672 -0.691638 -0.639587 -0.579198 -0.511258 -0.436653 -0.356356 -0.271413 -0.182932 -0.092066 0.000000 
0.000000 0.095751 0.190256 0.282278 0.370621 0.454133 0.531725 0.602385 0.665192 0.719327 0.764084 0.798880 0.823261 0.836911 0.839649 0.831442 0.812395 0.782758 0.742916 0.693389 0.634823 0.567981 0.493734 0.413051 0.326983 0.236653 0.143237 0.047954 -0.047954 -0.143237 -0.236653 -0.326984 -0.413051 -0.493734 -0.567981 -0.634823 -0.693389 -0.742916 -0.782758 -0.812395 -0.831441 -0.839649 -0.836910 -0.823261 -0.798879 -0.764083 -0.719326 -0.665191 -0.602385 -0.531725 -0.454134 -0.370622 -0.282279 -0.190255 -0.095752 0.000000 
